50 1.000 1.000 3 16
100 0.860 0.860 4 10
150 0.907 0.907 7 12
200 0.935 0.935 9 9
250 0.948 0.948 12 13
300 0.960 0.960 14 14
350 0.966 0.966 17 14
400 0.973 0.973 19 14
450 0.976 0.976 22 16
500 0.980 0.980 24 13
550 0.982 0.982 27 15
600 0.985 0.985 29 16
650 0.986 0.986 32 18
700 0.989 0.989 34 16
750 0.989 0.989 37 18
800 0.991 0.991 39 19
850 0.992 0.992 42 19
900 0.993 0.993 44 20
950 0.994 0.994 47 23
1000 0.995 0.995 49 23
1050 0.995 0.995 52 27
1100 0.996 0.996 54 25
1150 0.997 0.997 57 26
1200 0.998 0.998 59 22
1250 0.998 0.998 62 21
1300 0.998 0.998 64 20
1350 0.999 0.999 67 21
1400 0.999 0.999 69 22
1450 0.999 0.999 72 22
1500 1.000 1.000 74 23
1550 1.000 1.000 77 24
1600 0.998 0.982 78 24
1650 0.998 0.982 81 30
1700 0.998 0.984 83 33
1750 0.984 0.998 86 34
1800 0.999 0.985 88 36
1850 0.999 0.985 91 27
1900 0.999 0.986 93 27
1950 0.987 0.999 96 28
2000 0.988 1.000 98 29
2050 1.000 0.988 101 29
2100 0.993 0.993 103 29
2150 0.993 0.993 106 30
2200 0.994 0.994 108 33
2250 0.994 0.994 111 33
2300 0.995 0.995 113 34
2350 0.995 0.995 116 33
2400 0.995 0.995 118 33
2450 0.996 0.996 121 35
2500 0.996 0.996 123 41
