50 1.000 0.020 1 5
100 0.860 0.860 4 5
150 0.833 0.340 5 5
200 0.365 0.980 6 5
250 0.848 0.952 11 5
300 0.967 0.310 10 5
350 0.854 0.994 16 5
400 0.918 0.800 17 5
450 0.993 0.716 21 5
500 0.926 0.932 23 5
550 0.984 0.984 26 5
600 0.920 0.998 29 5
650 0.543 0.958 24 5
700 0.953 0.776 28 7
750 0.977 0.911 34 5
800 0.766 0.984 34 5
850 0.947 0.685 35 5
900 0.589 0.999 36 5
950 0.996 0.659 38 5
1000 0.876 0.972 46 5
1050 0.947 0.995 51 5
1100 0.666 0.985 46 5
1150 0.790 0.957 50 5
1200 0.765 0.988 48 5
1250 0.990 0.988 63 5
1300 0.980 0.753 55 5
1350 0.627 0.972 52 5
1400 0.938 0.990 63 5
1450 0.999 0.966 71 5
1500 0.995 0.747 63 5
1550 0.925 0.995 76 5
1600 0.718 0.994 67 5
1650 0.997 0.804 70 5
1700 0.691 0.995 69 5
1750 0.990 0.832 78 5
1800 0.829 0.994 82 5
1850 0.679 0.974 77 5
1900 0.666 0.988 74 5
1950 0.592 0.993 76 5
2000 1.000 0.964 101 5
2050 0.982 0.960 98 5
2100 0.959 0.995 99 6
2150 0.990 0.968 105 5
2200 0.980 0.870 100 5
2250 0.867 0.988 100 5
2300 1.000 0.924 107 5
2350 0.829 0.997 111 5
2400 0.996 0.893 108 5
2450 0.995 0.963 121 5
2500 0.881 0.998 115 5
