50 0.020 1.000 1 5
100 0.510 1.000 4 5
150 0.673 0.673 5 5
200 0.610 0.980 8 5
250 0.808 0.808 10 5
300 0.743 0.990 13 5
350 0.866 0.866 15 5
400 0.810 0.995 18 5
450 0.898 0.898 20 5
500 0.850 0.998 23 5
550 0.918 0.918 25 5
600 0.877 1.000 28 5
650 0.932 0.932 30 5
700 0.874 0.980 32 5
750 0.943 0.943 35 5
800 0.891 0.984 37 5
850 0.951 0.951 40 5
900 0.904 0.987 42 5
950 0.957 0.957 45 5
1000 0.915 0.989 47 5
1050 0.962 0.962 50 5
1100 0.924 0.991 52 5
1150 0.966 0.966 55 5
1200 0.931 0.993 57 5
1250 0.970 0.970 60 5
1300 0.937 0.994 62 5
1350 0.973 0.973 65 5
1400 0.942 0.995 67 5
1450 0.975 0.975 70 5
1500 0.947 0.996 72 5
1550 0.977 0.977 75 5
1600 0.951 0.997 77 5
1650 0.979 0.979 80 5
1700 0.954 0.998 82 5
1750 0.981 0.981 85 5
1800 0.957 0.998 87 5
1850 0.983 0.983 90 5
1900 0.960 0.999 92 5
1950 0.984 0.984 95 5
2000 0.963 1.000 97 5
2050 0.985 0.985 100 5
2100 0.965 1.000 102 5
2150 0.987 0.987 105 5
2200 0.965 0.987 106 5
2250 0.988 0.988 110 5
2300 0.967 0.988 111 5
2350 0.989 0.989 115 5
2400 0.968 0.989 116 5
2450 0.989 0.989 120 5
2500 0.970 0.990 121 5
