50 1.000 0.020 1 6
100 0.510 1.000 4 5
150 0.807 0.973 7 5
200 0.905 0.905 10 5
250 0.928 0.928 12 5
300 0.990 0.990 16 5
350 0.991 0.991 19 5
400 0.995 0.995 21 5
450 0.929 0.984 23 5
500 0.956 0.956 26 5
550 0.871 0.960 27 5
600 0.990 0.990 32 6
650 0.991 0.991 35 6
700 0.941 0.941 36 5
750 0.953 0.987 39 5
800 0.969 0.969 42 6
850 0.971 0.971 45 5
900 0.990 0.990 48 5
950 0.991 0.991 51 5
1000 0.956 0.956 52 5
1050 0.916 0.987 54 6
1100 0.975 0.975 58 5
1150 0.989 0.989 62 5
1200 0.990 0.990 64 6
1250 0.990 0.990 67 5
1300 0.979 0.998 70 5
1350 0.965 0.965 71 5
1400 0.981 0.999 75 6
1450 0.989 0.989 78 5
1500 0.957 0.989 79 5
1550 1.000 1.000 84 5
1600 1.000 1.000 87 6
1650 0.979 0.979 88 5
1700 0.983 0.998 91 5
1750 0.989 0.989 94 5
1800 0.989 0.989 97 5
1850 0.998 0.998 100 5
1900 0.998 0.998 103 5
1950 0.981 0.981 104 5
2000 0.959 0.996 106 6
2050 0.989 0.989 110 5
2100 0.997 0.997 114 5
2150 0.997 0.997 116 6
2200 0.997 0.997 119 5
2250 0.984 0.995 121 6
2300 0.982 0.982 123 5
2350 0.989 0.989 126 5
2400 0.996 0.996 130 5
2450 0.976 0.996 131 5
2500 0.996 0.996 135 6
